x
1 0.785398163397448
2 1.10714871779409
3 1.24904577239825
4 1.32581766366803
5 1.37340076694502
6 1.40564764938027
7 1.42889927219073
8 1.44644133224814
9 1.460139105621
10 1.47112767430373
11 1.48013643959415
12 1.48765509490646
13 1.49402443552512
14 1.49948886200961
15 1.50422816301907
16 1.50837751679894
17 1.51204050407917
18 1.51529782154918
19 1.51821326518395
20 1.52083793107295
21 1.52321322351791
22 1.52537304737332
23 1.52734543140337
24 1.52915374769631
25 1.53081763967161
26 1.53235373677371
27 1.53377621092097
28 1.53509721411557
29 1.53632722579539
30 1.53747533091665
31 1.53854944435964
32 1.53955649336463
33 1.54050256687612
34 1.54139303859089
35 1.54223266895614
36 1.54302569020148
37 1.54377587760763
38 1.54448660954197
39 1.54516091827322
40 1.54580153317598
41 1.54641091762218
42 1.54699130060983
43 1.54754470398443
44 1.54807296595326
45 1.54857776146818
46 1.5490606199531
47 1.54952294077084
48 1.54996600675868
49 1.55039099610836
50 1.55079899282175
51 1.55119099593769
52 1.55156792769519
53 1.55193064077323
54 1.55227992472689
55 1.55261651172192
56 1.55294108165534
57 1.55325426673749
58 1.55355665560037
59 1.55384879698849
60 1.55413120308096
61 1.55440435248689
62 1.55466869295126
63 1.55492464380311
64 1.55517259817442
65 1.5554129250143
66 1.55564597092013
67 1.55587206180481
68 1.55609150441705
69 1.5563045877294
70 1.5565115842075
71 1.55671275097204
72 1.55690833086393
73 1.55709855342203
74 1.55728363578157
75 1.55746378350075
76 1.55763919132214
77 1.55781004387472
78 1.557976516322
79 1.55813877496084
80 1.55829697777553
81 1.55845127495067
82 1.55860180934664
83 1.55874871694071
84 1.55889212723659
85 1.55903216364514
86 1.55916894383851
87 1.55930258007987
88 1.55943317953061
89 1.55956084453693
90 1.55968567289729
91 1.55980775811216
92 1.55992718961763
93 1.5600440530038
94 1.56015843021936
95 1.56027039976317
96 1.56038003686393
97 1.56048741364865
98 1.56059259930094
99 1.56069566020957
100 1.56079666010823
