x
1 0.0394059405940595
2 0.0382298229822982
3 0.0370777077707771
4 0.035949594959496
5 0.0348454845484549
6 0.0337653765376538
7 0.0327092709270927
8 0.0316771677167717
9 0.0306690669066907
10 0.0296849684968497
11 0.0287248724872487
12 0.0277887788778878
13 0.0268766876687669
14 0.025988598859886
15 0.0251245124512451
16 0.0242844284428443
17 0.0234683468346835
18 0.0226762676267627
19 0.0219081908190819
20 0.0211641164116412
21 0.0204440444044404
22 0.0197479747974798
23 0.0190759075907591
24 0.0184278427842784
25 0.0178037803780378
26 0.0172037203720372
27 0.0166276627662766
28 0.0160756075607561
29 0.0155475547554756
30 0.015043504350435
31 0.0145634563456346
32 0.0141074107410741
33 0.0136753675367537
34 0.0132673267326733
35 0.0128832883288329
36 0.0125232523252325
37 0.0121872187218722
38 0.0118751875187519
39 0.0115871587158716
40 0.0113231323132313
41 0.0110831083108311
42 0.0108670867086709
43 0.0106750675067507
44 0.0105070507050705
45 0.0103630363036304
46 0.0102430243024302
47 0.0101470147014701
48 0.0100750075007501
49 0.01002700270027
50 0.01000300030003
51 0.01000300030003
52 0.01002700270027
53 0.0100750075007501
54 0.0101470147014701
55 0.0102430243024302
56 0.0103630363036304
57 0.0105070507050705
58 0.0106750675067507
59 0.0108670867086709
60 0.0110831083108311
61 0.0113231323132313
62 0.0115871587158716
63 0.0118751875187519
64 0.0121872187218722
65 0.0125232523252325
66 0.0128832883288329
67 0.0132673267326733
68 0.0136753675367537
69 0.0141074107410741
70 0.0145634563456346
71 0.015043504350435
72 0.0155475547554756
73 0.0160756075607561
74 0.0166276627662766
75 0.0172037203720372
76 0.0178037803780378
77 0.0184278427842784
78 0.0190759075907591
79 0.0197479747974798
80 0.0204440444044404
81 0.0211641164116412
82 0.0219081908190819
83 0.0226762676267627
84 0.0234683468346835
85 0.0242844284428443
86 0.0251245124512451
87 0.025988598859886
88 0.0268766876687669
89 0.0277887788778878
90 0.0287248724872487
91 0.0296849684968497
92 0.0306690669066907
93 0.0316771677167717
94 0.0327092709270927
95 0.0337653765376538
96 0.0348454845484548
97 0.035949594959496
98 0.0370777077707771
99 0.0382298229822982
100 0.0394059405940594
