x
1 1
2 1
3 2
4 6
5 24
6 120
7 720
8 5040
9 40320
10 362880
11 3628800
12 39916800
13 479001600
14 6227020800
15 87178291200
16 1307674368000
17 20922789888000
18 355687428096000
19 6402373705728000
20 121645100408832000
21 2432902008176640000
22 51090942171709440000
23 1.12400072777761e+21
24 2.5852016738885e+22
25 6.20448401733239e+23
26 1.5511210043331e+25
27 4.03291461126606e+26
28 1.08888694504184e+28
29 3.04888344611714e+29
30 8.8417619937397e+30
31 2.65252859812191e+32
32 8.22283865417792e+33
33 2.63130836933694e+35
34 8.68331761881189e+36
35 2.95232799039604e+38
36 1.03331479663861e+40
37 3.71993326789901e+41
38 1.37637530912263e+43
39 5.23022617466601e+44
40 2.03978820811974e+46
41 8.15915283247898e+47
42 3.34525266131638e+49
43 1.40500611775288e+51
44 6.04152630633738e+52
45 2.65827157478845e+54
46 1.1962222086548e+56
47 5.50262215981209e+57
48 2.58623241511168e+59
49 1.24139155925361e+61
50 6.08281864034268e+62
51 3.0414093201713e+64
52 1.55111875328741e+66
53 8.06581751709449e+67
54 4.27488328406012e+69
55 2.30843697339245e+71
56 1.26964033536586e+73
57 7.10998587804875e+74
58 4.0526919504877e+76
59 2.3505613312829e+78
60 1.38683118545688e+80
61 8.32098711274168e+81
62 5.07580213877237e+83
63 3.14699732603875e+85
64 1.98260831540442e+87
65 1.26886932185884e+89
66 8.24765059208232e+90
67 5.44344939077446e+92
68 3.64711109181895e+94
69 2.4800355424369e+96
70 1.71122452428147e+98
71 1.19785716699696e+100
72 8.50478588567859e+101
73 6.12344583768876e+103
74 4.47011546151277e+105
75 3.30788544151927e+107
76 2.48091408113953e+109
77 1.88549470166607e+111
78 1.45183092028288e+113
79 1.1324281178206e+115
80 8.94618213078236e+116
81 7.15694570462668e+118
82 5.79712602074755e+120
83 4.75364333701311e+122
84 3.94552396972065e+124
85 3.31424013456529e+126
86 2.81710411438047e+128
87 2.42270953836719e+130
88 2.10775729837954e+132
89 1.85482642257394e+134
90 1.65079551609073e+136
91 1.48571596448172e+138
92 1.35200152767845e+140
93 1.24384140546418e+142
94 1.15677250708164e+144
95 1.08736615665672e+146
96 1.03299784882385e+148
97 9.9167793487096e+149
98 9.61927596824838e+151
99 9.42689044888306e+153
100 9.3326215443944e+155
